     123.3
     123.9
     125.6
     125.9
     128.1
     143.3
     150.4
     150.7
     153.2
     157.5
     162.3
     166.3
     166.4
     169.9
     173.2
     182.6
     195.9
     202.3
     204.4
     205.8
     372.4
     381.3
     381.5
     385.5
     390.5
     398.9
     401.4
     412.5
     415.2
     422.1
     454.0
     457.3
     624.8
     628.3
     628.6
     631.1
     637.0
     641.9
     644.1
     649.2
     657.7
     658.0
     667.1
     670.9
     671.8
     686.0
     687.3
     705.9
     707.7
     871.7
     877.8
     880.7
     882.3
     889.0
     892.8
     893.1
     903.8
     910.5
     913.7
     916.2
     921.9
     952.4
     953.1
     955.1
    1098.2
