     133.5
     139.5
     139.6
     152.1
     156.6
     171.0
     191.5
     194.0
     388.3
     399.6
     407.4
     411.4
     416.6
     422.9
     430.0
     436.7
     447.0
     454.2
     624.3
     626.1
     630.9
     655.4
     662.9
     672.4
     675.0
     675.1
     682.6
     683.5
     692.6
     694.2
     695.4
     695.8
     705.2
     707.7
     867.2
     867.7
     871.4
     879.6
     882.0
     885.7
     899.7
     916.7
     928.7
     934.7
     937.7
     939.1
