     117.2
     125.7
     133.1
     136.9
     144.0
     148.7
     153.7
     158.1
     161.8
     165.5
     171.0
     197.0
     286.6
     380.0
     388.7
     392.8
     404.4
     409.2
     410.8
     410.9
     414.5
     416.0
     416.3
     420.1
     420.8
     426.5
     429.5
     443.3
     450.3
     618.0
     627.1
     628.8
     634.7
     640.2
     643.0
     644.9
     646.3
     654.9
     656.7
     664.2
     672.6
     672.9
     682.5
     696.6
     872.1
     895.5
     902.9
     914.3
     936.8
     947.0
     949.4
