     116.8
     125.8
     127.3
     133.4
     133.9
     135.9
     143.4
     165.0
     166.2
     172.4
     180.3
     312.5
     377.2
     383.7
     386.5
     391.6
     406.1
     406.5
     417.6
     420.1
     430.7
     434.7
     437.4
     443.2
     448.9
     502.1
     600.2
     624.0
     632.3
     650.3
     651.8
     655.5
     661.2
     661.6
     661.7
     673.9
     678.8
     680.3
     680.4
     684.1
     689.1
     703.9
     705.9
     869.9
     878.6
     878.7
     882.6
     884.3
     892.7
     895.1
     898.5
     900.2
     919.6
     920.2
     922.4
     924.7
