     122.6
     130.1
     134.6
     143.9
     152.1
     155.3
     164.1
     180.4
     183.5
     190.1
     194.8
     206.2
     207.9
     371.0
     372.2
     375.4
     396.5
     400.5
     402.3
     414.0
     415.2
     416.5
     418.5
     421.0
     425.4
     425.9
     439.9
     440.1
     458.0
     625.5
     626.6
     631.7
     639.7
     645.5
     654.0
     654.8
     655.6
     671.7
     691.5
     700.9
     731.5
     877.7
     889.0
     890.1
     899.5
     900.1
     901.9
     910.2
     912.5
     917.3
     925.0
     926.2
     928.4
     928.7
     953.1
