     127.0
     138.5
     144.9
     146.8
     150.9
     152.4
     160.9
     162.9
     181.0
     191.6
     200.4
     204.0
     371.5
     377.5
     379.2
     388.9
     398.3
     403.7
     406.9
     429.9
     444.8
     453.6
     633.8
     635.9
     636.2
     646.4
     653.3
     655.5
     659.1
     663.3
     665.3
     669.8
     679.3
     682.0
     684.2
     690.1
     696.5
     700.1
     880.6
     882.8
     897.2
     910.9
     919.5
     924.6
     931.1
     938.5
     939.1
     944.0
     953.9
     958.6
