     120.0
     120.6
     127.0
     130.1
     136.7
     159.1
     169.6
     174.0
     188.2
     193.2
     196.8
     368.4
     376.6
     380.8
     388.2
     392.0
     397.2
     401.0
     403.6
     409.4
     412.1
     413.6
     430.7
     432.1
     435.6
     448.0
     458.1
     624.6
     633.1
     635.9
     642.0
     644.3
     646.8
     648.0
     648.9
     653.6
     655.0
     656.1
     661.4
     676.9
     684.5
     688.4
     690.4
     705.2
     706.0
     867.7
     878.0
     890.2
     898.9
     900.9
     902.9
     911.4
     913.8
     921.0
     931.8
     938.6
     941.9
     955.0
     957.3
