     144.7
     146.2
     146.6
     161.7
     175.0
     182.1
     188.0
     188.5
     193.3
     194.8
     202.7
     369.0
     377.5
     379.0
     380.6
     387.5
     388.3
     397.1
     400.6
     408.4
     412.3
     413.4
     416.8
     419.5
     427.2
     427.9
     430.5
     445.0
     445.8
     449.0
     640.3
     643.1
     653.4
     666.1
     671.2
     677.2
     692.2
     696.9
     880.3
     899.9
     903.9
     904.3
     907.7
     915.6
     917.3
     918.4
     926.1
     929.2
     930.8
     938.8
     951.4
     952.8
     957.4
