     118.1
     124.5
     126.2
     131.5
     142.3
     146.2
     157.7
     160.6
     164.4
     164.5
     179.0
     182.8
     189.9
     193.0
     200.5
     200.6
     206.2
     370.1
     401.1
     409.0
     410.4
     437.5
     445.4
     446.4
     447.8
     450.4
     619.9
     623.3
     629.0
     642.6
     647.6
     650.2
     651.2
     653.4
     655.5
     664.8
     670.0
     691.2
     701.4
     703.0
     708.4
     878.4
     889.2
     895.5
     909.4
     910.4
     918.7
     934.5
     943.6
     950.9
