     124.5
     124.9
     132.6
     146.5
     150.0
     158.7
     167.7
     169.1
     178.2
     186.7
     208.0
     348.6
     371.3
     374.7
     385.6
     401.6
     409.3
     412.8
     417.2
     429.4
     441.4
     453.8
     617.5
     618.0
     624.6
     629.2
     633.3
     635.1
     643.3
     643.9
     666.3
     671.9
     674.1
     683.0
     683.9
     690.1
     692.2
     869.8
     878.0
     879.8
     913.3
     913.8
     918.9
     920.1
     920.5
     930.1
     932.2
     935.0
     954.2
