     120.6
     121.0
     136.0
     144.0
     146.1
     162.9
     165.2
     168.1
     189.3
     192.1
     199.3
     200.3
     208.5
     376.8
     379.7
     402.2
     413.3
     414.3
     417.9
     429.3
     430.4
     445.8
     446.4
     450.1
     455.0
     634.8
     636.0
     638.9
     648.4
     649.2
     653.3
     658.5
     659.4
     668.2
     670.5
     680.1
     702.6
     870.9
     881.6
     881.8
     887.2
     889.8
     897.2
     898.8
     901.6
     920.1
     928.7
     935.6
