     128.2
     135.3
     144.2
     144.8
     148.5
     151.3
     152.6
     171.4
     188.1
     201.9
     370.6
     374.1
     382.1
     415.1
     415.8
     421.4
     421.8
     432.1
     436.9
     445.0
     449.9
     454.9
     455.6
     636.8
     642.4
     648.5
     653.6
     657.0
     657.7
     659.3
     669.8
     691.3
     696.3
     696.9
     702.8
     871.4
     880.5
     882.9
     884.7
     889.8
     903.7
     904.7
     911.1
     911.7
     924.2
     936.2
     949.2
     955.4
