     117.5
     118.2
     122.6
     127.9
     145.0
     145.8
     148.3
     149.6
     163.3
     165.1
     169.1
     177.4
     181.5
     196.1
     204.0
     368.4
     380.8
     390.0
     392.9
     398.1
     401.9
     403.1
     404.8
     407.1
     418.8
     427.2
     439.1
     456.4
     632.0
     636.4
     655.6
     656.5
     657.9
     659.3
     660.1
     660.7
     663.1
     668.4
     671.8
     696.2
     705.5
     874.3
     882.4
     882.5
     882.7
     885.3
     886.8
     888.8
     892.1
     900.4
     905.7
     907.6
     913.3
     921.2
     932.2
     939.6
