     108.0
     127.4
     128.6
     132.1
     147.6
     154.2
     157.2
     158.9
     159.9
     166.7
     169.7
     181.3
     186.5
     204.8
     206.7
     278.5
     371.8
     387.0
     391.2
     393.3
     398.9
     403.5
     405.0
     410.3
     412.9
     434.9
     435.3
     439.3
     444.9
     596.9
     625.8
     629.0
     643.0
     647.5
     652.9
     654.9
     655.4
     661.6
     664.7
     671.4
     672.8
     697.4
     701.9
     702.9
     819.6
     881.4
     886.2
     913.8
     925.6
     926.6
     927.7
     949.6
     955.0
