     127.4
     142.5
     148.9
     151.3
     157.9
     159.7
     163.5
     164.4
     171.8
     174.1
     182.8
     195.2
     195.5
     196.3
     199.4
     384.6
     392.1
     396.3
     412.1
     420.3
     430.4
     436.2
     436.4
     442.5
     453.6
     617.3
     644.2
     653.5
     657.8
     658.6
     672.2
     680.7
     688.5
     696.1
     698.0
     700.6
     700.9
     701.1
     705.6
     867.0
     868.8
     869.3
     870.5
     877.1
     892.7
     892.9
     900.4
     925.2
     931.7
     932.0
     932.6
     933.2
     935.4
     938.3
     944.2
     952.5
