     126.2
     140.3
     160.0
     173.6
     194.0
     207.3
     383.2
     396.3
     401.1
     401.5
     410.2
     411.0
     412.3
     414.2
     419.2
     421.5
     422.5
     427.5
     428.3
     452.8
     454.4
     458.3
     621.3
     630.8
     636.9
     652.8
     655.9
     667.2
     671.9
     672.1
     674.4
     678.6
     682.1
     686.5
     688.7
     695.2
     697.2
     895.5
     901.1
     911.9
     917.3
     933.1
     934.6
     942.3
     943.0
     945.1
     951.7
