     119.7
     136.9
     139.2
     144.7
     149.4
     167.8
     172.8
     173.3
     175.6
     186.0
     192.9
     199.3
     202.4
     204.4
     382.1
     396.3
     420.8
     423.7
     431.2
     431.3
     431.4
     432.9
     436.3
     437.6
     447.2
     451.9
     458.0
     617.5
     632.1
     643.5
     651.8
     671.7
     672.4
     684.0
     690.6
     697.6
     874.3
     881.0
     887.9
     896.7
     904.7
     908.5
     910.0
     925.6
     932.2
     932.6
     947.2
     948.4
     951.0
     953.6
