     117.8
     121.0
     122.3
     126.9
     130.2
     142.7
     145.7
     152.6
     178.2
     180.0
     186.2
     188.1
     196.5
     198.2
     200.8
     208.1
     208.4
     289.8
     379.0
     380.8
     385.5
     398.6
     407.7
     421.9
     435.8
     443.3
     443.8
     448.5
     451.2
     451.8
     633.6
     637.2
     655.6
     671.1
     680.1
     870.1
     877.8
     893.5
     898.1
     908.1
     908.6
     919.0
     927.0
     929.1
     937.0
     939.6
     947.2
     949.1
     954.2
    1010.0
