     125.9
     134.8
     135.7
     146.0
     150.5
     151.6
     171.9
     184.5
     190.9
     194.7
     206.1
     244.3
     376.9
     380.9
     381.5
     389.3
     418.2
     427.3
     429.4
     438.6
     445.8
     447.8
     451.1
     453.6
     617.1
     620.9
     622.7
     633.4
     637.4
     642.0
     643.1
     653.6
     667.2
     679.2
     683.5
     685.6
     688.0
     689.8
     696.4
     698.8
     867.1
     874.3
     886.5
     887.0
     891.6
     893.7
     897.3
     897.9
     898.8
     909.0
     912.0
     914.4
     918.3
     926.0
     928.0
     934.5
     946.1
