     136.1
     137.3
     137.8
     154.1
     154.9
     162.4
     171.6
     174.6
     175.3
     183.6
     184.5
     187.9
     190.6
     194.3
     194.5
     198.1
     202.3
     371.9
     372.0
     381.5
     391.7
     392.7
     396.8
     399.8
     404.4
     408.7
     421.2
     423.8
     424.7
     429.3
     434.5
     448.4
     458.1
     621.8
     627.1
     649.2
     649.4
     650.2
     656.4
     656.7
     657.5
     658.0
     659.2
     676.3
     682.7
     694.6
     706.7
     871.3
     871.4
     896.3
     899.7
     901.1
     903.9
     904.0
     915.9
     922.8
     928.1
     929.7
     939.6
     954.1
     955.6
