     120.8
     124.0
     126.6
     129.2
     149.2
     149.7
     152.1
     156.6
     158.7
     165.2
     181.3
     191.4
     206.9
     383.7
     393.8
     398.0
     402.6
     404.2
     414.9
     417.9
     425.3
     430.9
     436.1
     446.3
     450.5
     640.8
     649.7
     653.7
     657.4
     658.2
     676.2
     676.8
     687.8
     705.0
     874.7
     883.5
     885.3
     887.3
     888.7
     893.5
     893.8
     894.3
     895.5
     905.4
     909.6
     920.5
     920.8
     922.4
     933.6
     933.7
     948.3
     950.5
