     119.0
     138.2
     145.4
     151.6
     162.2
     163.3
     174.1
     178.6
     204.9
     207.4
     393.6
     398.5
     404.2
     404.9
     415.2
     417.5
     425.8
     433.5
     436.7
     616.6
     620.8
     640.8
     643.8
     650.5
     653.3
     657.0
     666.8
     672.2
     676.0
     688.5
     694.0
     695.3
     702.6
     737.5
     788.5
     866.6
     875.4
     880.0
     880.9
     891.7
     893.1
     901.5
     910.4
     913.9
     916.8
     936.2
     937.8
     938.1
     951.4
