     117.8
     121.1
     128.9
     135.0
     150.6
     151.5
     153.4
     173.7
     176.3
     178.0
     178.1
     180.5
     181.0
     188.8
     190.6
     370.3
     376.7
     382.5
     384.7
     388.1
     389.6
     390.1
     390.5
     396.5
     417.1
     425.2
     434.0
     438.7
     458.5
     622.9
     631.3
     636.4
     643.9
     657.7
     659.6
     671.2
     676.7
     678.7
     690.1
     690.5
     695.5
     702.2
     882.7
     888.6
     890.2
     905.3
     908.2
     912.6
     914.3
     932.2
     951.8
     982.9
